0.000000 1.000000 499.000000 
0.100000 1.040710 498.959290 
0.200000 1.083073 498.916927 
0.300000 1.127155 498.872845 
0.400000 1.173027 498.826973 
0.500000 1.220759 498.779241 
0.600000 1.270427 498.729573 
0.700000 1.322110 498.677890 
0.800000 1.375888 498.624112 
0.900000 1.431846 498.568154 
1.000000 1.490070 498.509930 
1.100000 1.550654 498.449346 
1.200000 1.613690 498.386310 
1.300000 1.679278 498.320722 
1.400000 1.747520 498.252480 
1.500000 1.818523 498.181477 
1.600000 1.892397 498.107603 
1.700000 1.969257 498.030743 
1.800000 2.049223 497.950777 
1.900000 2.132419 497.867581 
2.000000 2.218973 497.781027 
2.100000 2.309020 497.690980 
2.200000 2.402699 497.597301 
2.300000 2.500155 497.499845 
2.400000 2.601538 497.398462 
2.500000 2.707004 497.292996 
2.600000 2.816715 497.183285 
2.700000 2.930840 497.069160 
2.800000 3.049553 496.950447 
2.900000 3.173037 496.826963 
3.000000 3.301479 496.698521 
3.100000 3.435075 496.564925 
3.200000 3.574028 496.425972 
3.300000 3.718550 496.281450 
3.400000 3.868858 496.131142 
3.500000 4.025180 495.974820 
3.600000 4.187752 495.812248 
3.700000 4.356817 495.643183 
3.800000 4.532630 495.467370 
3.900000 4.715453 495.284547 
4.000000 4.905558 495.094442 
4.100000 5.103228 494.896772 
4.200000 5.308756 494.691244 
4.300000 5.522447 494.477553 
4.400000 5.744613 494.255387 
4.500000 5.975581 494.024419 
4.600000 6.215690 493.784310 
4.700000 6.465287 493.534713 
4.800000 6.724737 493.275263 
4.900000 6.994413 493.005587 
5.000000 7.274703 492.725297 
5.100000 7.566009 492.433991 
5.200000 7.868746 492.131254 
5.300000 8.183343 491.816657 
5.400000 8.510245 491.489755 
5.500000 8.849911 491.150089 
5.600000 9.202815 490.797185 
5.700000 9.569447 490.430553 
5.800000 9.950313 490.049687 
5.900000 10.345936 489.654064 
6.000000 10.756854 489.243146 
6.100000 11.183625 488.816375 
6.200000 11.626821 488.373179 
6.300000 12.087034 487.912966 
6.400000 12.564873 487.435127 
6.500000 13.060967 486.939033 
6.600000 13.575961 486.424039 
6.700000 14.110520 485.889480 
6.800000 14.665328 485.334672 
6.900000 15.241088 484.758912 
7.000000 15.838522 484.161478 
7.100000 16.458374 483.541626 
7.200000 17.101402 482.898598 
7.300000 17.768389 482.231611 
7.400000 18.460135 481.539865 
7.500000 19.177460 480.822540 
7.600000 19.921201 480.078799 
7.700000 20.692219 479.307781 
7.800000 21.491388 478.508612 
7.900000 22.319606 477.680394 
8.000000 23.177785 476.822215 
8.100000 24.066857 475.933143 
8.200000 24.987769 475.012231 
8.300000 25.941487 474.058513 
8.400000 26.928990 473.071010 
8.500000 27.951273 472.048727 
8.600000 29.009345 470.990655 
8.700000 30.104226 469.895774 
8.800000 31.236949 468.763051 
8.900000 32.408556 467.591444 
9.000000 33.620097 466.379903 
9.100000 34.872631 465.127369 
9.200000 36.167220 463.832780 
9.300000 37.504929 462.495071 
9.400000 38.886823 461.113177 
9.500000 40.313969 459.686031 
9.600000 41.787427 458.212573 
9.700000 43.308251 456.691749 
9.800000 44.877486 455.122514 
9.900000 46.496165 453.503835 
10.000000 48.165304 451.834696 
10.100000 49.885904 450.114096 
10.200000 51.658938 448.341062 
10.300000 53.485357 446.514643 
10.400000 55.366082 444.633918 
10.500000 57.301997 442.698003 
10.600000 59.293952 440.706048 
10.700000 61.342751 438.657249 
10.800000 63.449152 436.550848 
10.900000 65.613864 434.386136 
11.000000 67.837536 432.162464 
11.100000 70.120760 429.879240 
11.200000 72.464058 427.535942 
11.300000 74.867885 425.132115 
11.400000 77.332618 422.667382 
11.500000 79.858556 420.141444 
11.600000 82.445909 417.554091 
11.700000 85.094801 414.905199 
11.800000 87.805257 412.194743 
11.900000 90.577207 409.422793 
12.000000 93.410473 406.589527 
12.100000 96.304772 403.695228 
12.200000 99.259706 400.740294 
12.300000 102.274765 397.725235 
12.400000 105.349316 394.650684 
12.500000 108.482607 391.517393 
12.600000 111.673759 388.326241 
12.700000 114.921768 385.078232 
12.800000 118.225499 381.774501 
12.900000 121.583690 378.416310 
13.000000 124.994946 375.005054 
13.100000 128.457743 371.542257 
13.200000 131.970427 368.029573 
13.300000 135.531215 364.468785 
13.400000 139.138196 360.861804 
13.500000 142.789335 357.210665 
13.600000 146.482475 353.517525 
13.700000 150.215344 349.784656 
13.800000 153.985551 346.014449 
13.900000 157.790603 342.209397 
14.000000 161.627901 338.372099 
14.100000 165.494749 334.505251 
14.200000 169.388365 330.611635 
14.300000 173.305883 326.694117 
14.400000 177.244363 322.755637 
14.500000 181.200801 318.799199 
14.600000 185.172138 314.827862 
14.700000 189.155264 310.844736 
14.800000 193.147035 306.852965 
14.900000 197.144279 302.855721 
15.000000 201.143806 298.856194 
15.100000 205.142419 294.857581 
15.200000 209.136922 290.863078 
15.300000 213.124136 286.875864 
15.400000 217.100902 282.899098 
15.500000 221.064095 278.935905 
15.600000 225.010634 274.989366 
15.700000 228.937488 271.062512 
15.800000 232.841690 267.158310 
15.900000 236.720342 263.279658 
16.000000 240.570624 259.429376 
16.100000 244.389803 255.610197 
16.200000 248.175237 251.824763 
16.300000 251.924388 248.075612 
16.400000 255.634819 244.365181 
16.500000 259.304208 240.695792 
16.600000 262.930347 237.069653 
16.700000 266.511149 233.488851 
16.800000 270.044650 229.955350 
16.900000 273.529011 226.470989 
17.000000 276.962524 223.037476 
17.100000 280.343608 219.656392 
17.200000 283.670813 216.329187 
17.300000 286.942820 213.057180 
17.400000 290.158440 209.841560 
17.500000 293.316613 206.683387 
17.600000 296.416407 203.583593 
17.700000 299.457016 200.542984 
17.800000 302.437757 197.562243 
17.900000 305.358066 194.641934 
18.000000 308.217498 191.782502 
18.100000 311.015722 188.984278 
18.200000 313.752516 186.247484 
18.300000 316.427763 183.572237 
18.400000 319.041449 180.958551 
18.500000 321.593655 178.406345 
18.600000 324.084555 175.915445 
18.700000 326.514411 173.485589 
18.800000 328.883568 171.116432 
18.900000 331.192446 168.807554 
19.000000 333.441541 166.558459 
19.100000 335.631415 164.368585 
19.200000 337.762693 162.237307 
19.300000 339.836059 160.163941 
19.400000 341.852249 158.147751 
19.500000 343.812051 156.187949 
19.600000 345.716294 154.283706 
19.700000 347.565848 152.434152 
19.800000 349.361619 150.638381 
19.900000 351.104545 148.895455 
20.000000 352.795592 147.204408 
20.100000 354.435747 145.564253 
20.200000 356.026021 143.973979 
20.300000 357.567440 142.432560 
20.400000 359.061044 140.938956 
20.500000 360.507885 139.492115 
20.600000 361.909019 138.090981 
20.700000 363.265511 136.734489 
20.800000 364.578427 135.421573 
20.900000 365.848832 134.151168 
21.000000 367.077791 132.922209 
21.100000 368.266363 131.733637 
21.200000 369.415602 130.584398 
21.300000 370.526555 129.473445 
21.400000 371.600257 128.399743 
21.500000 372.637735 127.362265 
21.600000 373.640003 126.359997 
21.700000 374.608062 125.391938 
21.800000 375.542898 124.457102 
21.900000 376.445482 123.554518 
22.000000 377.316770 122.683230 
22.100000 378.157700 121.842300 
22.200000 378.969193 121.030807 
22.300000 379.752152 120.247848 
22.400000 380.507463 119.492537 
22.500000 381.235992 118.764008 
22.600000 381.938585 118.061415 
22.700000 382.616071 117.383929 
22.800000 383.269259 116.730741 
22.900000 383.898937 116.101063 
23.000000 384.505875 115.494125 
23.100000 385.090823 114.909177 
23.200000 385.654513 114.345487 
23.300000 386.197655 113.802345 
23.400000 386.720941 113.279059 
23.500000 387.225044 112.774956 
23.600000 387.710620 112.289380 
23.700000 388.178302 111.821698 
23.800000 388.628709 111.371291 
23.900000 389.062439 110.937561 
24.000000 389.480074 110.519926 
24.100000 389.882177 110.117823 
24.200000 390.269295 109.730705 
24.300000 390.641957 109.358043 
24.400000 391.000676 108.999324 
24.500000 391.345950 108.654050 
24.600000 391.678258 108.321742 
24.700000 391.998068 108.001932 
24.800000 392.305828 107.694172 
24.900000 392.601975 107.398025 
25.000000 392.886931 107.113069 
25.100000 393.161102 106.838898 
25.200000 393.424882 106.575118 
25.300000 393.678652 106.321348 
25.400000 393.922779 106.077221 
25.500000 394.157617 105.842383 
25.600000 394.383511 105.616489 
25.700000 394.600790 105.399210 
25.800000 394.809774 105.190226 
25.900000 395.010772 104.989228 
26.000000 395.204080 104.795920 
26.100000 395.389986 104.610014 
26.200000 395.568767 104.431233 
26.300000 395.740689 104.259311 
26.400000 395.906010 104.093990 
26.500000 396.064978 103.935022 
26.600000 396.217832 103.782168 
26.700000 396.364803 103.635197 
26.800000 396.506114 103.493886 
26.900000 396.641978 103.358022 
27.000000 396.772602 103.227398 
27.100000 396.898184 103.101816 
27.200000 397.018917 102.981083 
27.300000 397.134984 102.865016 
27.400000 397.246563 102.753437 
27.500000 397.353826 102.646174 
27.600000 397.456938 102.543062 
27.700000 397.556056 102.443944 
27.800000 397.651334 102.348666 
27.900000 397.742918 102.257082 
28.000000 397.830951 102.169049 
28.100000 397.915568 102.084432 
28.200000 397.996900 102.003100 
28.300000 398.075075 101.924925 
28.400000 398.150213 101.849787 
28.500000 398.222431 101.777569 
28.600000 398.291842 101.708158 
28.700000 398.358553 101.641447 
28.800000 398.422670 101.577330 
28.900000 398.484291 101.515709 
29.000000 398.543514 101.456486 
29.100000 398.600431 101.399569 
29.200000 398.655131 101.344869 
29.300000 398.707701 101.292299 
29.400000 398.758222 101.241778 
29.500000 398.806774 101.193226 
29.600000 398.853433 101.146567 
29.700000 398.898272 101.101728 
29.800000 398.941363 101.058637 
29.900000 398.982772 101.017228 
30.000000 399.022566 100.977434 
30.100000 399.060807 100.939193 
30.200000 399.097554 100.902446 
30.300000 399.132868 100.867132 
30.400000 399.166802 100.833198 
30.500000 399.199411 100.800589 
30.600000 399.230746 100.769254 
30.700000 399.260857 100.739143 
30.800000 399.289792 100.710208 
30.900000 399.317595 100.682405 
31.000000 399.344313 100.655687 
31.100000 399.369985 100.630015 
31.200000 399.394654 100.605346 
31.300000 399.418359 100.581641 
31.400000 399.441136 100.558864 
31.500000 399.463023 100.536977 
31.600000 399.484054 100.515946 
31.700000 399.504262 100.495738 
31.800000 399.523679 100.476321 
31.900000 399.542337 100.457663 
32.000000 399.560265 100.439735 
32.100000 399.577491 100.422509 
32.200000 399.594044 100.405956 
32.300000 399.609948 100.390052 
32.400000 399.625230 100.374770 
32.500000 399.639913 100.360087 
32.600000 399.654022 100.345978 
32.700000 399.667579 100.332421 
32.800000 399.680604 100.319396 
32.900000 399.693120 100.306880 
33.000000 399.705146 100.294854 
33.100000 399.716700 100.283300 
33.200000 399.727803 100.272197 
33.300000 399.738470 100.261530 
33.400000 399.748720 100.251280 
33.500000 399.758568 100.241432 
33.600000 399.768030 100.231970 
33.700000 399.777122 100.222878 
33.800000 399.785858 100.214142 
33.900000 399.794251 100.205749 
34.000000 399.802316 100.197684 
34.100000 399.810064 100.189936 
34.200000 399.817509 100.182491 
34.300000 399.824663 100.175337 
34.400000 399.831536 100.168464 
34.500000 399.838140 100.161860 
34.600000 399.844485 100.155515 
34.700000 399.850581 100.149419 
34.800000 399.856438 100.143562 
34.900000 399.862066 100.137934 
35.000000 399.867474 100.132526 
35.100000 399.872669 100.127331 
35.200000 399.877661 100.122339 
35.300000 399.882457 100.117543 
35.400000 399.887065 100.112935 
35.500000 399.891493 100.108507 
35.600000 399.895747 100.104253 
35.700000 399.899834 100.100166 
35.800000 399.903761 100.096239 
35.900000 399.907535 100.092465 
36.000000 399.911160 100.088840 
36.100000 399.914643 100.085357 
36.200000 399.917990 100.082010 
36.300000 399.921205 100.078795 
36.400000 399.924295 100.075705 
36.500000 399.927263 100.072737 
36.600000 399.930115 100.069885 
36.700000 399.932855 100.067145 
36.800000 399.935488 100.064512 
36.900000 399.938017 100.061983 
37.000000 399.940448 100.059552 
37.100000 399.942783 100.057217 
37.200000 399.945026 100.054974 
37.300000 399.947182 100.052818 
37.400000 399.949253 100.050747 
37.500000 399.951243 100.048757 
37.600000 399.953154 100.046846 
37.700000 399.954991 100.045009 
37.800000 399.956756 100.043244 
37.900000 399.958452 100.041548 
38.000000 399.960081 100.039919 
38.100000 399.961646 100.038354 
38.200000 399.963150 100.036850 
38.300000 399.964595 100.035405 
38.400000 399.965984 100.034016 
38.500000 399.967318 100.032682 
38.600000 399.968599 100.031401 
38.700000 399.969830 100.030170 
38.800000 399.971013 100.028987 
38.900000 399.972150 100.027850 
39.000000 399.973242 100.026758 
39.100000 399.974291 100.025709 
39.200000 399.975300 100.024700 
39.300000 399.976268 100.023732 
39.400000 399.977199 100.022801 
39.500000 399.978093 100.021907 
39.600000 399.978952 100.021048 
39.700000 399.979777 100.020223 
39.800000 399.980570 100.019430 
39.900000 399.981332 100.018668 
40.000000 399.982064 100.017936 
40.100000 399.982768 100.017232 
40.200000 399.983443 100.016557 
40.300000 399.984093 100.015907 
40.400000 399.984716 100.015284 
40.500000 399.985316 100.014684 
40.600000 399.985892 100.014108 
40.700000 399.986445 100.013555 
40.800000 399.986976 100.013024 
40.900000 399.987487 100.012513 
41.000000 399.987978 100.012022 
41.100000 399.988449 100.011551 
41.200000 399.988902 100.011098 
41.300000 399.989337 100.010663 
41.400000 399.989756 100.010244 
41.500000 399.990157 100.009843 
41.600000 399.990543 100.009457 
41.700000 399.990914 100.009086 
41.800000 399.991270 100.008730 
41.900000 399.991613 100.008387 
42.000000 399.991942 100.008058 
42.100000 399.992258 100.007742 
42.200000 399.992561 100.007439 
42.300000 399.992853 100.007147 
42.400000 399.993133 100.006867 
42.500000 399.993403 100.006597 
42.600000 399.993661 100.006339 
42.700000 399.993910 100.006090 
42.800000 399.994149 100.005851 
42.900000 399.994378 100.005622 
43.000000 399.994599 100.005401 
43.100000 399.994810 100.005190 
43.200000 399.995014 100.004986 
43.300000 399.995209 100.004791 
43.400000 399.995397 100.004603 
43.500000 399.995578 100.004422 
43.600000 399.995751 100.004249 
43.700000 399.995918 100.004082 
43.800000 399.996078 100.003922 
43.900000 399.996232 100.003768 
44.000000 399.996380 100.003620 
44.100000 399.996522 100.003478 
44.200000 399.996658 100.003342 
44.300000 399.996789 100.003211 
44.400000 399.996915 100.003085 
44.500000 399.997036 100.002964 
44.600000 399.997152 100.002848 
44.700000 399.997264 100.002736 
44.800000 399.997371 100.002629 
44.900000 399.997474 100.002526 
45.000000 399.997573 100.002427 
45.100000 399.997668 100.002332 
45.200000 399.997760 100.002240 
45.300000 399.997848 100.002152 
45.400000 399.997932 100.002068 
45.500000 399.998013 100.001987 
45.600000 399.998091 100.001909 
45.700000 399.998166 100.001834 
45.800000 399.998238 100.001762 
45.900000 399.998307 100.001693 
46.000000 399.998373 100.001627 
46.100000 399.998437 100.001563 
46.200000 399.998498 100.001502 
46.300000 399.998557 100.001443 
46.400000 399.998614 100.001386 
46.500000 399.998668 100.001332 
46.600000 399.998721 100.001279 
46.700000 399.998771 100.001229 
46.800000 399.998819 100.001181 
46.900000 399.998865 100.001135 
47.000000 399.998910 100.001090 
47.100000 399.998952 100.001048 
47.200000 399.998993 100.001007 
47.300000 399.999033 100.000967 
47.400000 399.999071 100.000929 
47.500000 399.999107 100.000893 
47.600000 399.999142 100.000858 
47.700000 399.999176 100.000824 
47.800000 399.999208 100.000792 
47.900000 399.999239 100.000761 
48.000000 399.999269 100.000731 
48.100000 399.999298 100.000702 
48.200000 399.999325 100.000675 
48.300000 399.999352 100.000648 
48.400000 399.999377 100.000623 
48.500000 399.999402 100.000598 
48.600000 399.999425 100.000575 
48.700000 399.999448 100.000552 
48.800000 399.999469 100.000531 
48.900000 399.999490 100.000510 
49.000000 399.999510 100.000490 
49.100000 399.999529 100.000471 
49.200000 399.999548 100.000452 
49.300000 399.999565 100.000435 
49.400000 399.999582 100.000418 
49.500000 399.999599 100.000401 
49.600000 399.999615 100.000385 
49.700000 399.999630 100.000370 
49.800000 399.999644 100.000356 
49.900000 399.999658 100.000342 
50.000000 399.999671 100.000329 
50.100000 399.999684 100.000316 
50.200000 399.999697 100.000303 
50.300000 399.999709 100.000291 
50.400000 399.999720 100.000280 
50.500000 399.999731 100.000269 
50.600000 399.999742 100.000258 
50.700000 399.999752 100.000248 
50.800000 399.999761 100.000239 
50.900000 399.999771 100.000229 
51.000000 399.999780 100.000220 
51.100000 399.999788 100.000212 
51.200000 399.999797 100.000203 
51.300000 399.999805 100.000195 
51.400000 399.999812 100.000188 
51.500000 399.999820 100.000180 
51.600000 399.999827 100.000173 
51.700000 399.999834 100.000166 
51.800000 399.999840 100.000160 
51.900000 399.999846 100.000154 
52.000000 399.999852 100.000148 
52.100000 399.999858 100.000142 
52.200000 399.999864 100.000136 
52.300000 399.999869 100.000131 
52.400000 399.999874 100.000126 
52.500000 399.999879 100.000121 
52.600000 399.999884 100.000116 
52.700000 399.999888 100.000112 
52.800000 399.999893 100.000107 
52.900000 399.999897 100.000103 
53.000000 399.999901 100.000099 
53.100000 399.999905 100.000095 
53.200000 399.999909 100.000091 
53.300000 399.999912 100.000088 
53.400000 399.999916 100.000084 
53.500000 399.999919 100.000081 
53.600000 399.999922 100.000078 
53.700000 399.999925 100.000075 
53.800000 399.999928 100.000072 
53.900000 399.999931 100.000069 
54.000000 399.999934 100.000066 
54.100000 399.999936 100.000064 
54.200000 399.999939 100.000061 
54.300000 399.999941 100.000059 
54.400000 399.999943 100.000057 
54.500000 399.999946 100.000054 
54.600000 399.999948 100.000052 
54.700000 399.999950 100.000050 
54.800000 399.999952 100.000048 
54.900000 399.999954 100.000046 
55.000000 399.999956 100.000044 
55.100000 399.999957 100.000043 
55.200000 399.999959 100.000041 
55.300000 399.999961 100.000039 
55.400000 399.999962 100.000038 
55.500000 399.999964 100.000036 
55.600000 399.999965 100.000035 
55.700000 399.999966 100.000034 
55.800000 399.999968 100.000032 
55.900000 399.999969 100.000031 
56.000000 399.999970 100.000030 
56.100000 399.999971 100.000029 
56.200000 399.999972 100.000028 
56.300000 399.999974 100.000026 
56.400000 399.999975 100.000025 
56.500000 399.999976 100.000024 
56.600000 399.999977 100.000023 
56.700000 399.999977 100.000023 
56.800000 399.999978 100.000022 
56.900000 399.999979 100.000021 
57.000000 399.999980 100.000020 
57.100000 399.999981 100.000019 
57.200000 399.999982 100.000018 
57.300000 399.999982 100.000018 
57.400000 399.999983 100.000017 
57.500000 399.999984 100.000016 
57.600000 399.999984 100.000016 
57.700000 399.999985 100.000015 
57.800000 399.999986 100.000014 
57.900000 399.999986 100.000014 
58.000000 399.999987 100.000013 
58.100000 399.999987 100.000013 
58.200000 399.999988 100.000012 
58.300000 399.999988 100.000012 
58.400000 399.999989 100.000011 
58.500000 399.999989 100.000011 
58.600000 399.999990 100.000010 
58.700000 399.999990 100.000010 
58.800000 399.999990 100.000010 
58.900000 399.999991 100.000009 
59.000000 399.999991 100.000009 
59.100000 399.999992 100.000008 
59.200000 399.999992 100.000008 
59.300000 399.999992 100.000008 
59.400000 399.999993 100.000007 
59.500000 399.999993 100.000007 
59.600000 399.999993 100.000007 
59.700000 399.999993 100.000007 
59.800000 399.999994 100.000006 
59.900000 399.999994 100.000006 
60.000000 399.999994 100.000006 
60.100000 399.999994 100.000006 
60.200000 399.999995 100.000005 
60.300000 399.999995 100.000005 
60.400000 399.999995 100.000005 
60.500000 399.999995 100.000005 
60.600000 399.999995 100.000005 
60.700000 399.999996 100.000004 
60.800000 399.999996 100.000004 
60.900000 399.999996 100.000004 
61.000000 399.999996 100.000004 
61.100000 399.999996 100.000004 
61.200000 399.999996 100.000004 
61.300000 399.999997 100.000003 
61.400000 399.999997 100.000003 
61.500000 399.999997 100.000003 
61.600000 399.999997 100.000003 
61.700000 399.999997 100.000003 
61.800000 399.999997 100.000003 
61.900000 399.999997 100.000003 
62.000000 399.999997 100.000003 
62.100000 399.999998 100.000002 
62.200000 399.999998 100.000002 
62.300000 399.999998 100.000002 
62.400000 399.999998 100.000002 
62.500000 399.999998 100.000002 
62.600000 399.999998 100.000002 
62.700000 399.999998 100.000002 
62.800000 399.999998 100.000002 
62.900000 399.999998 100.000002 
63.000000 399.999998 100.000002 
63.100000 399.999998 100.000002 
63.200000 399.999998 100.000002 
63.300000 399.999998 100.000002 
63.400000 399.999999 100.000001 
63.500000 399.999999 100.000001 
63.600000 399.999999 100.000001 
63.700000 399.999999 100.000001 
63.800000 399.999999 100.000001 
63.900000 399.999999 100.000001 
64.000000 399.999999 100.000001 
64.100000 399.999999 100.000001 
64.200000 399.999999 100.000001 
64.300000 399.999999 100.000001 
64.400000 399.999999 100.000001 
64.500000 399.999999 100.000001 
64.600000 399.999999 100.000001 
64.700000 399.999999 100.000001 
64.800000 399.999999 100.000001 
64.900000 399.999999 100.000001 
65.000000 399.999999 100.000001 
65.100000 399.999999 100.000001 
65.200000 399.999999 100.000001 
65.300000 399.999999 100.000001 
65.400000 399.999999 100.000001 
65.500000 399.999999 100.000001 
65.600000 399.999999 100.000001 
65.700000 399.999999 100.000001 
65.800000 399.999999 100.000001 
65.900000 399.999999 100.000001 
66.000000 399.999999 100.000001 
66.100000 400.000000 100.000000 
66.200000 400.000000 100.000000 
66.300000 400.000000 100.000000 
66.400000 400.000000 100.000000 
66.500000 400.000000 100.000000 
66.600000 400.000000 100.000000 
66.700000 400.000000 100.000000 
66.800000 400.000000 100.000000 
66.900000 400.000000 100.000000 
67.000000 400.000000 100.000000 
67.100000 400.000000 100.000000 
67.200000 400.000000 100.000000 
67.300000 400.000000 100.000000 
67.400000 400.000000 100.000000 
67.500000 400.000000 100.000000 
67.600000 400.000000 100.000000 
67.700000 400.000000 100.000000 
67.800000 400.000000 100.000000 
67.900000 400.000000 100.000000 
68.000000 400.000000 100.000000 
68.100000 400.000000 100.000000 
68.200000 400.000000 100.000000 
68.300000 400.000000 100.000000 
68.400000 400.000000 100.000000 
68.500000 400.000000 100.000000 
68.600000 400.000000 100.000000 
68.700000 400.000000 100.000000 
68.800000 400.000000 100.000000 
68.900000 400.000000 100.000000 
69.000000 400.000000 100.000000 
69.100000 400.000000 100.000000 
69.200000 400.000000 100.000000 
69.300000 400.000000 100.000000 
69.400000 400.000000 100.000000 
69.500000 400.000000 100.000000 
69.600000 400.000000 100.000000 
69.700000 400.000000 100.000000 
69.800000 400.000000 100.000000 
69.900000 400.000000 100.000000 
70.000000 400.000000 100.000000 
70.100000 400.000000 100.000000 
70.200000 400.000000 100.000000 
70.300000 400.000000 100.000000 
70.400000 400.000000 100.000000 
70.500000 400.000000 100.000000 
70.600000 400.000000 100.000000 
70.700000 400.000000 100.000000 
70.800000 400.000000 100.000000 
70.900000 400.000000 100.000000 
71.000000 400.000000 100.000000 
71.100000 400.000000 100.000000 
71.200000 400.000000 100.000000 
71.300000 400.000000 100.000000 
71.400000 400.000000 100.000000 
71.500000 400.000000 100.000000 
71.600000 400.000000 100.000000 
71.700000 400.000000 100.000000 
71.800000 400.000000 100.000000 
71.900000 400.000000 100.000000 
72.000000 400.000000 100.000000 
72.100000 400.000000 100.000000 
72.200000 400.000000 100.000000 
72.300000 400.000000 100.000000 
72.400000 400.000000 100.000000 
72.500000 400.000000 100.000000 
72.600000 400.000000 100.000000 
72.700000 400.000000 100.000000 
72.800000 400.000000 100.000000 
72.900000 400.000000 100.000000 
73.000000 400.000000 100.000000 
73.100000 400.000000 100.000000 
73.200000 400.000000 100.000000 
73.300000 400.000000 100.000000 
73.400000 400.000000 100.000000 
73.500000 400.000000 100.000000 
73.600000 400.000000 100.000000 
73.700000 400.000000 100.000000 
73.800000 400.000000 100.000000 
73.900000 400.000000 100.000000 
74.000000 400.000000 100.000000 
74.100000 400.000000 100.000000 
74.200000 400.000000 100.000000 
74.300000 400.000000 100.000000 
74.400000 400.000000 100.000000 
74.500000 400.000000 100.000000 
74.600000 400.000000 100.000000 
74.700000 400.000000 100.000000 
74.800000 400.000000 100.000000 
74.900000 400.000000 100.000000 
75.000000 400.000000 100.000000 
75.100000 400.000000 100.000000 
75.200000 400.000000 100.000000 
75.300000 400.000000 100.000000 
75.400000 400.000000 100.000000 
75.500000 400.000000 100.000000 
75.600000 400.000000 100.000000 
75.700000 400.000000 100.000000 
75.800000 400.000000 100.000000 
75.900000 400.000000 100.000000 
76.000000 400.000000 100.000000 
76.100000 400.000000 100.000000 
76.200000 400.000000 100.000000 
76.300000 400.000000 100.000000 
76.400000 400.000000 100.000000 
76.500000 400.000000 100.000000 
76.600000 400.000000 100.000000 
76.700000 400.000000 100.000000 
76.800000 400.000000 100.000000 
76.900000 400.000000 100.000000 
77.000000 400.000000 100.000000 
77.100000 400.000000 100.000000 
77.200000 400.000000 100.000000 
77.300000 400.000000 100.000000 
77.400000 400.000000 100.000000 
77.500000 400.000000 100.000000 
77.600000 400.000000 100.000000 
77.700000 400.000000 100.000000 
77.800000 400.000000 100.000000 
77.900000 400.000000 100.000000 
78.000000 400.000000 100.000000 
78.100000 400.000000 100.000000 
78.200000 400.000000 100.000000 
78.300000 400.000000 100.000000 
78.400000 400.000000 100.000000 
78.500000 400.000000 100.000000 
78.600000 400.000000 100.000000 
78.700000 400.000000 100.000000 
78.800000 400.000000 100.000000 
78.900000 400.000000 100.000000 
79.000000 400.000000 100.000000 
79.100000 400.000000 100.000000 
79.200000 400.000000 100.000000 
79.300000 400.000000 100.000000 
79.400000 400.000000 100.000000 
79.500000 400.000000 100.000000 
79.600000 400.000000 100.000000 
79.700000 400.000000 100.000000 
79.800000 400.000000 100.000000 
79.900000 400.000000 100.000000 
80.000000 400.000000 100.000000 
80.100000 400.000000 100.000000 
80.200000 400.000000 100.000000 
80.300000 400.000000 100.000000 
80.400000 400.000000 100.000000 
80.500000 400.000000 100.000000 
80.600000 400.000000 100.000000 
80.700000 400.000000 100.000000 
80.800000 400.000000 100.000000 
80.900000 400.000000 100.000000 
81.000000 400.000000 100.000000 
81.100000 400.000000 100.000000 
81.200000 400.000000 100.000000 
81.300000 400.000000 100.000000 
81.400000 400.000000 100.000000 
81.500000 400.000000 100.000000 
81.600000 400.000000 100.000000 
81.700000 400.000000 100.000000 
81.800000 400.000000 100.000000 
81.900000 400.000000 100.000000 
82.000000 400.000000 100.000000 
82.100000 400.000000 100.000000 
82.200000 400.000000 100.000000 
82.300000 400.000000 100.000000 
82.400000 400.000000 100.000000 
82.500000 400.000000 100.000000 
82.600000 400.000000 100.000000 
82.700000 400.000000 100.000000 
82.800000 400.000000 100.000000 
82.900000 400.000000 100.000000 
83.000000 400.000000 100.000000 
83.100000 400.000000 100.000000 
83.200000 400.000000 100.000000 
83.300000 400.000000 100.000000 
83.400000 400.000000 100.000000 
83.500000 400.000000 100.000000 
83.600000 400.000000 100.000000 
83.700000 400.000000 100.000000 
83.800000 400.000000 100.000000 
83.900000 400.000000 100.000000 
84.000000 400.000000 100.000000 
84.100000 400.000000 100.000000 
84.200000 400.000000 100.000000 
84.300000 400.000000 100.000000 
84.400000 400.000000 100.000000 
84.500000 400.000000 100.000000 
84.600000 400.000000 100.000000 
84.700000 400.000000 100.000000 
84.800000 400.000000 100.000000 
84.900000 400.000000 100.000000 
85.000000 400.000000 100.000000 
85.100000 400.000000 100.000000 
85.200000 400.000000 100.000000 
85.300000 400.000000 100.000000 
85.400000 400.000000 100.000000 
85.500000 400.000000 100.000000 
85.600000 400.000000 100.000000 
85.700000 400.000000 100.000000 
85.800000 400.000000 100.000000 
85.900000 400.000000 100.000000 
86.000000 400.000000 100.000000 
86.100000 400.000000 100.000000 
86.200000 400.000000 100.000000 
86.300000 400.000000 100.000000 
86.400000 400.000000 100.000000 
86.500000 400.000000 100.000000 
86.600000 400.000000 100.000000 
86.700000 400.000000 100.000000 
86.800000 400.000000 100.000000 
86.900000 400.000000 100.000000 
87.000000 400.000000 100.000000 
87.100000 400.000000 100.000000 
87.200000 400.000000 100.000000 
87.300000 400.000000 100.000000 
87.400000 400.000000 100.000000 
87.500000 400.000000 100.000000 
87.600000 400.000000 100.000000 
87.700000 400.000000 100.000000 
87.800000 400.000000 100.000000 
87.900000 400.000000 100.000000 
88.000000 400.000000 100.000000 
88.100000 400.000000 100.000000 
88.200000 400.000000 100.000000 
88.300000 400.000000 100.000000 
88.400000 400.000000 100.000000 
88.500000 400.000000 100.000000 
88.600000 400.000000 100.000000 
88.700000 400.000000 100.000000 
88.800000 400.000000 100.000000 
88.900000 400.000000 100.000000 
89.000000 400.000000 100.000000 
89.100000 400.000000 100.000000 
89.200000 400.000000 100.000000 
89.300000 400.000000 100.000000 
89.400000 400.000000 100.000000 
89.500000 400.000000 100.000000 
89.600000 400.000000 100.000000 
89.700000 400.000000 100.000000 
89.800000 400.000000 100.000000 
89.900000 400.000000 100.000000 
90.000000 400.000000 100.000000 
90.100000 400.000000 100.000000 
90.200000 400.000000 100.000000 
90.300000 400.000000 100.000000 
90.400000 400.000000 100.000000 
90.500000 400.000000 100.000000 
90.600000 400.000000 100.000000 
90.700000 400.000000 100.000000 
90.800000 400.000000 100.000000 
90.900000 400.000000 100.000000 
91.000000 400.000000 100.000000 
91.100000 400.000000 100.000000 
91.200000 400.000000 100.000000 
91.300000 400.000000 100.000000 
91.400000 400.000000 100.000000 
91.500000 400.000000 100.000000 
91.600000 400.000000 100.000000 
91.700000 400.000000 100.000000 
91.800000 400.000000 100.000000 
91.900000 400.000000 100.000000 
92.000000 400.000000 100.000000 
92.100000 400.000000 100.000000 
92.200000 400.000000 100.000000 
92.300000 400.000000 100.000000 
92.400000 400.000000 100.000000 
92.500000 400.000000 100.000000 
92.600000 400.000000 100.000000 
92.700000 400.000000 100.000000 
92.800000 400.000000 100.000000 
92.900000 400.000000 100.000000 
93.000000 400.000000 100.000000 
93.100000 400.000000 100.000000 
93.200000 400.000000 100.000000 
93.300000 400.000000 100.000000 
93.400000 400.000000 100.000000 
93.500000 400.000000 100.000000 
93.600000 400.000000 100.000000 
93.700000 400.000000 100.000000 
93.800000 400.000000 100.000000 
93.900000 400.000000 100.000000 
94.000000 400.000000 100.000000 
94.100000 400.000000 100.000000 
94.200000 400.000000 100.000000 
94.300000 400.000000 100.000000 
94.400000 400.000000 100.000000 
94.500000 400.000000 100.000000 
94.600000 400.000000 100.000000 
94.700000 400.000000 100.000000 
94.800000 400.000000 100.000000 
94.900000 400.000000 100.000000 
95.000000 400.000000 100.000000 
95.100000 400.000000 100.000000 
95.200000 400.000000 100.000000 
95.300000 400.000000 100.000000 
95.400000 400.000000 100.000000 
95.500000 400.000000 100.000000 
95.600000 400.000000 100.000000 
95.700000 400.000000 100.000000 
95.800000 400.000000 100.000000 
95.900000 400.000000 100.000000 
96.000000 400.000000 100.000000 
96.100000 400.000000 100.000000 
96.200000 400.000000 100.000000 
96.300000 400.000000 100.000000 
96.400000 400.000000 100.000000 
96.500000 400.000000 100.000000 
96.600000 400.000000 100.000000 
96.700000 400.000000 100.000000 
96.800000 400.000000 100.000000 
96.900000 400.000000 100.000000 
97.000000 400.000000 100.000000 
97.100000 400.000000 100.000000 
97.200000 400.000000 100.000000 
97.300000 400.000000 100.000000 
97.400000 400.000000 100.000000 
97.500000 400.000000 100.000000 
97.600000 400.000000 100.000000 
97.700000 400.000000 100.000000 
97.800000 400.000000 100.000000 
97.900000 400.000000 100.000000 
98.000000 400.000000 100.000000 
98.100000 400.000000 100.000000 
98.200000 400.000000 100.000000 
98.300000 400.000000 100.000000 
98.400000 400.000000 100.000000 
98.500000 400.000000 100.000000 
98.600000 400.000000 100.000000 
98.700000 400.000000 100.000000 
98.800000 400.000000 100.000000 
98.900000 400.000000 100.000000 
99.000000 400.000000 100.000000 
99.100000 400.000000 100.000000 
99.200000 400.000000 100.000000 
99.300000 400.000000 100.000000 
99.400000 400.000000 100.000000 
99.500000 400.000000 100.000000 
99.600000 400.000000 100.000000 
99.700000 400.000000 100.000000 
99.800000 400.000000 100.000000 
99.900000 400.000000 100.000000 
100.000000 400.000000 100.000000 
