0.000000 1.000000 499.000000 
0.100000 1.041193 498.958807 
0.200000 1.084078 498.915922 
0.300000 1.128724 498.871276 
0.400000 1.175204 498.824796 
0.500000 1.223591 498.776409 
0.600000 1.273964 498.726036 
0.700000 1.326404 498.673596 
0.800000 1.380995 498.619005 
0.900000 1.437824 498.562176 
1.000000 1.496983 498.503017 
1.100000 1.558566 498.441434 
1.200000 1.622672 498.377328 
1.300000 1.689404 498.310596 
1.400000 1.758867 498.241133 
1.500000 1.831173 498.168827 
1.600000 1.906437 498.093563 
1.700000 1.984779 498.015221 
1.800000 2.066322 497.933678 
1.900000 2.151198 497.848802 
2.000000 2.239539 497.760461 
2.100000 2.331487 497.668513 
2.200000 2.427186 497.572814 
2.300000 2.526788 497.473212 
2.400000 2.630449 497.369551 
2.500000 2.738333 497.261667 
2.600000 2.850609 497.149391 
2.700000 2.967454 497.032546 
2.800000 3.089049 496.910951 
2.900000 3.215586 496.784414 
3.000000 3.347262 496.652738 
3.100000 3.484281 496.515719 
3.200000 3.626856 496.373144 
3.300000 3.775209 496.224791 
3.400000 3.929568 496.070432 
3.500000 4.090172 495.909828 
3.600000 4.257268 495.742732 
3.700000 4.431112 495.568888 
3.800000 4.611970 495.388030 
3.900000 4.800118 495.199882 
4.000000 4.995843 495.004157 
4.100000 5.199441 494.800559 
4.200000 5.411219 494.588781 
4.300000 5.631498 494.368502 
4.400000 5.860608 494.139392 
4.500000 6.098891 493.901109 
4.600000 6.346702 493.653298 
4.700000 6.604410 493.395590 
4.800000 6.872395 493.127605 
4.900000 7.151052 492.848948 
5.000000 7.440788 492.559212 
5.100000 7.742027 492.257973 
5.200000 8.055206 491.944794 
5.300000 8.380776 491.619224 
5.400000 8.719205 491.280795 
5.500000 9.070977 490.929023 
5.600000 9.436590 490.563410 
5.700000 9.816561 490.183439 
5.800000 10.211423 489.788577 
5.900000 10.621725 489.378275 
6.000000 11.048035 488.951965 
6.100000 11.490938 488.509062 
6.200000 11.951039 488.048961 
6.300000 12.428960 487.571040 
6.400000 12.925342 487.074658 
6.500000 13.440844 486.559156 
6.600000 13.976146 486.023854 
6.700000 14.531948 485.468052 
6.800000 15.108968 484.891032 
6.900000 15.707945 484.292055 
7.000000 16.329637 483.670363 
7.100000 16.974823 483.025177 
7.200000 17.644301 482.355699 
7.300000 18.338890 481.661110 
7.400000 19.059428 480.940572 
7.500000 19.806774 480.193226 
7.600000 20.581806 479.418194 
7.700000 21.385419 478.614581 
7.800000 22.218531 477.781469 
7.900000 23.082076 476.917924 
8.000000 23.977005 476.022995 
8.100000 24.904288 475.095712 
8.200000 25.864910 474.135090 
8.300000 26.859875 473.140125 
8.400000 27.890197 472.109803 
8.500000 28.956906 471.043094 
8.600000 30.061046 469.938954 
8.700000 31.203668 468.796332 
8.800000 32.385836 467.614164 
8.900000 33.608621 466.391379 
9.000000 34.873100 465.126900 
9.100000 36.180353 463.819647 
9.200000 37.531465 462.468535 
9.300000 38.927518 461.072482 
9.400000 40.369593 459.630407 
9.500000 41.858764 458.141236 
9.600000 43.396100 456.603900 
9.700000 44.982657 455.017343 
9.800000 46.619475 453.380525 
9.900000 48.307580 451.692420 
10.000000 50.047976 449.952024 
10.100000 51.841640 448.158360 
10.200000 53.689522 446.310478 
10.300000 55.592540 444.407460 
10.400000 57.551572 442.448428 
10.500000 59.567459 440.432541 
10.600000 61.640993 438.359007 
10.700000 63.772916 436.227084 
10.800000 65.963916 434.036084 
10.900000 68.214618 431.785382 
11.000000 70.525586 429.474414 
11.100000 72.897310 427.102690 
11.200000 75.330209 424.669791 
11.300000 77.824618 422.175382 
11.400000 80.380790 419.619210 
11.500000 82.998887 417.001113 
11.600000 85.678976 414.321024 
11.700000 88.421024 411.578976 
11.800000 91.224896 408.775104 
11.900000 94.090347 405.909653 
12.000000 97.017021 402.982979 
12.100000 100.004444 399.995556 
12.200000 103.052025 396.947975 
12.300000 106.159046 393.840954 
12.400000 109.324668 390.675332 
12.500000 112.547921 387.452079 
12.600000 115.827708 384.172292 
12.700000 119.162798 380.837202 
12.800000 122.551831 377.448169 
12.900000 125.993315 374.006685 
13.000000 129.485625 370.514375 
13.100000 133.027006 366.972994 
13.200000 136.615577 363.384423 
13.300000 140.249327 359.750673 
13.400000 143.926125 356.073875 
13.500000 147.643718 352.356282 
13.600000 151.399742 348.600258 
13.700000 155.191718 344.808282 
13.800000 159.017066 340.982934 
13.900000 162.873109 337.126891 
14.000000 166.757075 333.242925 
14.100000 170.666113 329.333887 
14.200000 174.597293 325.402707 
14.300000 178.547621 321.452379 
14.400000 182.514044 317.485956 
14.500000 186.493459 313.506541 
14.600000 190.482725 309.517275 
14.700000 194.478673 305.521327 
14.800000 198.478113 301.521887 
14.900000 202.477846 297.522154 
15.000000 206.474676 293.525324 
15.100000 210.465418 289.534582 
15.200000 214.446907 285.553093 
15.300000 218.416011 281.583989 
15.400000 222.369639 277.630361 
15.500000 226.304751 273.695249 
15.600000 230.218366 269.781634 
15.700000 234.107572 265.892428 
15.800000 237.969535 262.030465 
15.900000 241.801503 258.198497 
16.000000 245.600817 254.399183 
16.100000 249.364918 250.635082 
16.200000 253.091348 246.908652 
16.300000 256.777763 243.222237 
16.400000 260.421929 239.578071 
16.500000 264.021733 235.978267 
16.600000 267.575185 232.424815 
16.700000 271.080418 228.919582 
16.800000 274.535693 225.464307 
16.900000 277.939398 222.060602 
17.000000 281.290053 218.709947 
17.100000 284.586304 215.413696 
17.200000 287.826930 212.173070 
17.300000 291.010834 208.989166 
17.400000 294.137050 205.862950 
17.500000 297.204735 202.795265 
17.600000 300.213169 199.786831 
17.700000 303.161752 196.838248 
17.800000 306.050000 193.950000 
17.900000 308.877544 191.122456 
18.000000 311.644123 188.355877 
18.100000 314.349583 185.650417 
18.200000 316.993871 183.006129 
18.300000 319.577030 180.422970 
18.400000 322.099195 177.900805 
18.500000 324.560592 175.439408 
18.600000 326.961527 173.038473 
18.700000 329.302385 170.697615 
18.800000 331.583623 168.416377 
18.900000 333.805770 166.194230 
19.000000 335.969415 164.030585 
19.100000 338.075207 161.924793 
19.200000 340.123852 159.876148 
19.300000 342.116102 157.883898 
19.400000 344.052757 155.947243 
19.500000 345.934656 154.065344 
19.600000 347.762677 152.237323 
19.700000 349.537728 150.462272 
19.800000 351.260749 148.739251 
19.900000 352.932702 147.067298 
20.000000 354.554573 145.445427 
20.100000 356.127365 143.872635 
20.200000 357.652096 142.347904 
20.300000 359.129795 140.870205 
20.400000 360.561502 139.438498 
20.500000 361.948262 138.051738 
20.600000 363.291123 136.708877 
20.700000 364.591134 135.408866 
20.800000 365.849346 134.150654 
20.900000 367.066804 132.933196 
21.000000 368.244550 131.755450 
21.100000 369.383618 130.616382 
21.200000 370.485034 129.514966 
21.300000 371.549815 128.450185 
21.400000 372.578967 127.421033 
21.500000 373.573483 126.426517 
21.600000 374.534344 125.465656 
21.700000 375.462514 124.537486 
21.800000 376.358944 123.641056 
21.900000 377.224570 122.775430 
22.000000 378.060309 121.939691 
22.100000 378.867062 121.132938 
22.200000 379.645713 120.354287 
22.300000 380.397128 119.602872 
22.400000 381.122152 118.877848 
22.500000 381.821615 118.178385 
22.600000 382.496326 117.503674 
22.700000 383.147076 116.852924 
22.800000 383.774637 116.225363 
22.900000 384.379762 115.620238 
23.000000 384.963183 115.036817 
23.100000 385.525617 114.474383 
23.200000 386.067758 113.932242 
23.300000 386.590284 113.409716 
23.400000 387.093854 112.906146 
23.500000 387.579108 112.420892 
23.600000 388.046668 111.953332 
23.700000 388.497138 111.502862 
23.800000 388.931107 111.068893 
23.900000 389.349142 110.650858 
24.000000 389.751796 110.248204 
24.100000 390.139605 109.860395 
24.200000 390.513088 109.486912 
24.300000 390.872748 109.127252 
24.400000 391.219073 108.780927 
24.500000 391.552535 108.447465 
24.600000 391.873590 108.126410 
24.700000 392.182682 107.817318 
24.800000 392.480238 107.519762 
24.900000 392.766673 107.233327 
25.000000 393.042386 106.957614 
25.100000 393.307764 106.692236 
25.200000 393.563183 106.436817 
25.300000 393.809003 106.190997 
25.400000 394.045575 105.954425 
25.500000 394.273235 105.726765 
25.600000 394.492310 105.507690 
25.700000 394.703114 105.296886 
25.800000 394.905952 105.094048 
25.900000 395.101116 104.898884 
26.000000 395.288891 104.711109 
26.100000 395.469549 104.530451 
26.200000 395.643354 104.356646 
26.300000 395.810560 104.189440 
26.400000 395.971413 104.028587 
26.500000 396.126148 103.873852 
26.600000 396.274996 103.725004 
26.700000 396.418174 103.581826 
26.800000 396.555896 103.444104 
26.900000 396.688366 103.311634 
27.000000 396.815781 103.184219 
27.100000 396.938330 103.061670 
27.200000 397.056197 102.943803 
27.300000 397.169558 102.830442 
27.400000 397.278583 102.721417 
27.500000 397.383436 102.616564 
27.600000 397.484274 102.515726 
27.700000 397.581249 102.418751 
27.800000 397.674507 102.325493 
27.900000 397.764189 102.235811 
28.000000 397.850431 102.149569 
28.100000 397.933363 102.066637 
28.200000 398.013111 101.986889 
28.300000 398.089796 101.910204 
28.400000 398.163535 101.836465 
28.500000 398.234440 101.765560 
28.600000 398.302618 101.697382 
28.700000 398.368175 101.631825 
28.800000 398.431209 101.568791 
28.900000 398.491817 101.508183 
29.000000 398.550092 101.449908 
29.100000 398.606123 101.393877 
29.200000 398.659996 101.340004 
29.300000 398.711794 101.288206 
29.400000 398.761595 101.238405 
29.500000 398.809476 101.190524 
29.600000 398.855512 101.144488 
29.700000 398.899772 101.100228 
29.800000 398.942325 101.057675 
29.900000 398.983236 101.016764 
30.000000 399.022569 100.977431 
30.100000 399.060383 100.939617 
30.200000 399.096738 100.903262 
30.300000 399.131689 100.868311 
30.400000 399.165291 100.834709 
30.500000 399.197595 100.802405 
30.600000 399.228650 100.771350 
30.700000 399.258507 100.741493 
30.800000 399.287209 100.712791 
30.900000 399.314803 100.685197 
31.000000 399.341330 100.658670 
31.100000 399.366831 100.633169 
31.200000 399.391347 100.608653 
31.300000 399.414915 100.585085 
31.400000 399.437571 100.562429 
31.500000 399.459351 100.540649 
31.600000 399.480289 100.519711 
31.700000 399.500417 100.499583 
31.800000 399.519767 100.480233 
31.900000 399.538368 100.461632 
32.000000 399.556249 100.443751 
32.100000 399.573438 100.426562 
32.200000 399.589962 100.410038 
32.300000 399.605847 100.394153 
32.400000 399.621117 100.378883 
32.500000 399.635795 100.364205 
32.600000 399.649906 100.350094 
32.700000 399.663470 100.336530 
32.800000 399.676510 100.323490 
32.900000 399.689044 100.310956 
33.000000 399.701093 100.298907 
33.100000 399.712675 100.287325 
33.200000 399.723809 100.276191 
33.300000 399.734512 100.265488 
33.400000 399.744801 100.255199 
33.500000 399.754690 100.245310 
33.600000 399.764197 100.235803 
33.700000 399.773336 100.226664 
33.800000 399.782120 100.217880 
33.900000 399.790565 100.209435 
34.000000 399.798682 100.201318 
34.100000 399.806485 100.193515 
34.200000 399.813985 100.186015 
34.300000 399.821195 100.178805 
34.400000 399.828126 100.171874 
34.500000 399.834788 100.165212 
34.600000 399.841192 100.158808 
34.700000 399.847347 100.152653 
34.800000 399.853265 100.146735 
34.900000 399.858953 100.141047 
35.000000 399.864420 100.135580 
35.100000 399.869676 100.130324 
35.200000 399.874728 100.125272 
35.300000 399.879584 100.120416 
35.400000 399.884252 100.115748 
35.500000 399.888739 100.111261 
35.600000 399.893052 100.106948 
35.700000 399.897198 100.102802 
35.800000 399.901184 100.098816 
35.900000 399.905015 100.094985 
36.000000 399.908697 100.091303 
36.100000 399.912237 100.087763 
36.200000 399.915639 100.084361 
36.300000 399.918910 100.081090 
36.400000 399.922054 100.077946 
36.500000 399.925075 100.074925 
36.600000 399.927980 100.072020 
36.700000 399.930772 100.069228 
36.800000 399.933456 100.066544 
36.900000 399.936036 100.063964 
37.000000 399.938516 100.061484 
37.100000 399.940900 100.059100 
37.200000 399.943192 100.056808 
37.300000 399.945394 100.054606 
37.400000 399.947511 100.052489 
37.500000 399.949546 100.050454 
37.600000 399.951503 100.048497 
37.700000 399.953383 100.046617 
37.800000 399.955190 100.044810 
37.900000 399.956928 100.043072 
38.000000 399.958598 100.041402 
38.100000 399.960203 100.039797 
38.200000 399.961746 100.038254 
38.300000 399.963229 100.036771 
38.400000 399.964655 100.035345 
38.500000 399.966025 100.033975 
38.600000 399.967343 100.032657 
38.700000 399.968609 100.031391 
38.800000 399.969826 100.030174 
38.900000 399.970996 100.029004 
39.000000 399.972121 100.027879 
39.100000 399.973202 100.026798 
39.200000 399.974241 100.025759 
39.300000 399.975240 100.024760 
39.400000 399.976200 100.023800 
39.500000 399.977123 100.022877 
39.600000 399.978010 100.021990 
39.700000 399.978862 100.021138 
39.800000 399.979682 100.020318 
39.900000 399.980470 100.019530 
40.000000 399.981227 100.018773 
40.100000 399.981955 100.018045 
40.200000 399.982655 100.017345 
40.300000 399.983327 100.016673 
40.400000 399.983974 100.016026 
40.500000 399.984595 100.015405 
40.600000 399.985192 100.014808 
40.700000 399.985767 100.014233 
40.800000 399.986319 100.013681 
40.900000 399.986849 100.013151 
41.000000 399.987359 100.012641 
41.100000 399.987849 100.012151 
41.200000 399.988320 100.011680 
41.300000 399.988773 100.011227 
41.400000 399.989208 100.010792 
41.500000 399.989627 100.010373 
41.600000 399.990029 100.009971 
41.700000 399.990416 100.009584 
41.800000 399.990787 100.009213 
41.900000 399.991145 100.008855 
42.000000 399.991488 100.008512 
42.100000 399.991818 100.008182 
42.200000 399.992135 100.007865 
42.300000 399.992440 100.007560 
42.400000 399.992733 100.007267 
42.500000 399.993015 100.006985 
42.600000 399.993286 100.006714 
42.700000 399.993546 100.006454 
42.800000 399.993797 100.006203 
42.900000 399.994037 100.005963 
43.000000 399.994268 100.005732 
43.100000 399.994491 100.005509 
43.200000 399.994704 100.005296 
43.300000 399.994910 100.005090 
43.400000 399.995107 100.004893 
43.500000 399.995297 100.004703 
43.600000 399.995479 100.004521 
43.700000 399.995654 100.004346 
43.800000 399.995823 100.004177 
43.900000 399.995985 100.004015 
44.000000 399.996141 100.003859 
44.100000 399.996290 100.003710 
44.200000 399.996434 100.003566 
44.300000 399.996572 100.003428 
44.400000 399.996705 100.003295 
44.500000 399.996833 100.003167 
44.600000 399.996956 100.003044 
44.700000 399.997074 100.002926 
44.800000 399.997187 100.002813 
44.900000 399.997296 100.002704 
45.000000 399.997401 100.002599 
45.100000 399.997502 100.002498 
45.200000 399.997599 100.002401 
45.300000 399.997692 100.002308 
45.400000 399.997781 100.002219 
45.500000 399.997868 100.002132 
45.600000 399.997950 100.002050 
45.700000 399.998030 100.001970 
45.800000 399.998106 100.001894 
45.900000 399.998180 100.001820 
46.000000 399.998250 100.001750 
46.100000 399.998318 100.001682 
46.200000 399.998383 100.001617 
46.300000 399.998446 100.001554 
46.400000 399.998506 100.001494 
46.500000 399.998564 100.001436 
46.600000 399.998620 100.001380 
46.700000 399.998673 100.001327 
46.800000 399.998725 100.001275 
46.900000 399.998774 100.001226 
47.000000 399.998822 100.001178 
47.100000 399.998867 100.001133 
47.200000 399.998911 100.001089 
47.300000 399.998954 100.001046 
47.400000 399.998994 100.001006 
47.500000 399.999033 100.000967 
47.600000 399.999071 100.000929 
47.700000 399.999107 100.000893 
47.800000 399.999141 100.000859 
47.900000 399.999175 100.000825 
48.000000 399.999207 100.000793 
48.100000 399.999237 100.000763 
48.200000 399.999267 100.000733 
48.300000 399.999295 100.000705 
48.400000 399.999323 100.000677 
48.500000 399.999349 100.000651 
48.600000 399.999374 100.000626 
48.700000 399.999398 100.000602 
48.800000 399.999422 100.000578 
48.900000 399.999444 100.000556 
49.000000 399.999466 100.000534 
49.100000 399.999486 100.000514 
49.200000 399.999506 100.000494 
49.300000 399.999526 100.000474 
49.400000 399.999544 100.000456 
49.500000 399.999562 100.000438 
49.600000 399.999579 100.000421 
49.700000 399.999595 100.000405 
49.800000 399.999611 100.000389 
49.900000 399.999626 100.000374 
50.000000 399.999640 100.000360 
50.100000 399.999654 100.000346 
50.200000 399.999668 100.000332 
50.300000 399.999681 100.000319 
50.400000 399.999693 100.000307 
50.500000 399.999705 100.000295 
50.600000 399.999716 100.000284 
50.700000 399.999727 100.000273 
50.800000 399.999738 100.000262 
50.900000 399.999748 100.000252 
51.000000 399.999758 100.000242 
51.100000 399.999767 100.000233 
51.200000 399.999776 100.000224 
51.300000 399.999785 100.000215 
51.400000 399.999793 100.000207 
51.500000 399.999801 100.000199 
51.600000 399.999809 100.000191 
51.700000 399.999816 100.000184 
51.800000 399.999823 100.000177 
51.900000 399.999830 100.000170 
52.000000 399.999837 100.000163 
52.100000 399.999843 100.000157 
52.200000 399.999849 100.000151 
52.300000 399.999855 100.000145 
52.400000 399.999861 100.000139 
52.500000 399.999866 100.000134 
52.600000 399.999871 100.000129 
52.700000 399.999876 100.000124 
52.800000 399.999881 100.000119 
52.900000 399.999886 100.000114 
53.000000 399.999890 100.000110 
53.100000 399.999894 100.000106 
53.200000 399.999899 100.000101 
53.300000 399.999902 100.000098 
53.400000 399.999906 100.000094 
53.500000 399.999910 100.000090 
53.600000 399.999913 100.000087 
53.700000 399.999917 100.000083 
53.800000 399.999920 100.000080 
53.900000 399.999923 100.000077 
54.000000 399.999926 100.000074 
54.100000 399.999929 100.000071 
54.200000 399.999932 100.000068 
54.300000 399.999934 100.000066 
54.400000 399.999937 100.000063 
54.500000 399.999939 100.000061 
54.600000 399.999942 100.000058 
54.700000 399.999944 100.000056 
54.800000 399.999946 100.000054 
54.900000 399.999948 100.000052 
55.000000 399.999950 100.000050 
55.100000 399.999952 100.000048 
55.200000 399.999954 100.000046 
55.300000 399.999956 100.000044 
55.400000 399.999957 100.000043 
55.500000 399.999959 100.000041 
55.600000 399.999961 100.000039 
55.700000 399.999962 100.000038 
55.800000 399.999964 100.000036 
55.900000 399.999965 100.000035 
56.000000 399.999966 100.000034 
56.100000 399.999968 100.000032 
56.200000 399.999969 100.000031 
56.300000 399.999970 100.000030 
56.400000 399.999971 100.000029 
56.500000 399.999972 100.000028 
56.600000 399.999974 100.000026 
56.700000 399.999975 100.000025 
56.800000 399.999976 100.000024 
56.900000 399.999977 100.000023 
57.000000 399.999977 100.000023 
57.100000 399.999978 100.000022 
57.200000 399.999979 100.000021 
57.300000 399.999980 100.000020 
57.400000 399.999981 100.000019 
57.500000 399.999981 100.000019 
57.600000 399.999982 100.000018 
57.700000 399.999983 100.000017 
57.800000 399.999984 100.000016 
57.900000 399.999984 100.000016 
58.000000 399.999985 100.000015 
58.100000 399.999985 100.000015 
58.200000 399.999986 100.000014 
58.300000 399.999986 100.000014 
58.400000 399.999987 100.000013 
58.500000 399.999988 100.000012 
58.600000 399.999988 100.000012 
58.700000 399.999988 100.000012 
58.800000 399.999989 100.000011 
58.900000 399.999989 100.000011 
59.000000 399.999990 100.000010 
59.100000 399.999990 100.000010 
59.200000 399.999991 100.000009 
59.300000 399.999991 100.000009 
59.400000 399.999991 100.000009 
59.500000 399.999992 100.000008 
59.600000 399.999992 100.000008 
59.700000 399.999992 100.000008 
59.800000 399.999993 100.000007 
59.900000 399.999993 100.000007 
60.000000 399.999993 100.000007 
60.100000 399.999993 100.000007 
60.200000 399.999994 100.000006 
60.300000 399.999994 100.000006 
60.400000 399.999994 100.000006 
60.500000 399.999994 100.000006 
60.600000 399.999995 100.000005 
60.700000 399.999995 100.000005 
60.800000 399.999995 100.000005 
60.900000 399.999995 100.000005 
61.000000 399.999995 100.000005 
61.100000 399.999996 100.000004 
61.200000 399.999996 100.000004 
61.300000 399.999996 100.000004 
61.400000 399.999996 100.000004 
61.500000 399.999996 100.000004 
61.600000 399.999996 100.000004 
61.700000 399.999996 100.000004 
61.800000 399.999997 100.000003 
61.900000 399.999997 100.000003 
62.000000 399.999997 100.000003 
62.100000 399.999997 100.000003 
62.200000 399.999997 100.000003 
62.300000 399.999997 100.000003 
62.400000 399.999997 100.000003 
62.500000 399.999997 100.000003 
62.600000 399.999998 100.000002 
62.700000 399.999998 100.000002 
62.800000 399.999998 100.000002 
62.900000 399.999998 100.000002 
63.000000 399.999998 100.000002 
63.100000 399.999998 100.000002 
63.200000 399.999998 100.000002 
63.300000 399.999998 100.000002 
63.400000 399.999998 100.000002 
63.500000 399.999998 100.000002 
63.600000 399.999998 100.000002 
63.700000 399.999998 100.000002 
63.800000 399.999998 100.000002 
63.900000 399.999999 100.000001 
64.000000 399.999999 100.000001 
64.100000 399.999999 100.000001 
64.200000 399.999999 100.000001 
64.300000 399.999999 100.000001 
64.400000 399.999999 100.000001 
64.500000 399.999999 100.000001 
64.600000 399.999999 100.000001 
64.700000 399.999999 100.000001 
64.800000 399.999999 100.000001 
64.900000 399.999999 100.000001 
65.000000 399.999999 100.000001 
65.100000 399.999999 100.000001 
65.200000 399.999999 100.000001 
65.300000 399.999999 100.000001 
65.400000 399.999999 100.000001 
65.500000 399.999999 100.000001 
65.600000 399.999999 100.000001 
65.700000 399.999999 100.000001 
65.800000 399.999999 100.000001 
65.900000 399.999999 100.000001 
66.000000 399.999999 100.000001 
66.100000 399.999999 100.000001 
66.200000 399.999999 100.000001 
66.300000 399.999999 100.000001 
66.400000 399.999999 100.000001 
66.500000 399.999999 100.000001 
66.600000 399.999999 100.000001 
66.700000 400.000000 100.000000 
66.800000 400.000000 100.000000 
66.900000 400.000000 100.000000 
67.000000 400.000000 100.000000 
67.100000 400.000000 100.000000 
67.200000 400.000000 100.000000 
67.300000 400.000000 100.000000 
67.400000 400.000000 100.000000 
67.500000 400.000000 100.000000 
67.600000 400.000000 100.000000 
67.700000 400.000000 100.000000 
67.800000 400.000000 100.000000 
67.900000 400.000000 100.000000 
68.000000 400.000000 100.000000 
68.100000 400.000000 100.000000 
68.200000 400.000000 100.000000 
68.300000 400.000000 100.000000 
68.400000 400.000000 100.000000 
68.500000 400.000000 100.000000 
68.600000 400.000000 100.000000 
68.700000 400.000000 100.000000 
68.800000 400.000000 100.000000 
68.900000 400.000000 100.000000 
69.000000 400.000000 100.000000 
69.100000 400.000000 100.000000 
69.200000 400.000000 100.000000 
69.300000 400.000000 100.000000 
69.400000 400.000000 100.000000 
69.500000 400.000000 100.000000 
69.600000 400.000000 100.000000 
69.700000 400.000000 100.000000 
69.800000 400.000000 100.000000 
69.900000 400.000000 100.000000 
70.000000 400.000000 100.000000 
70.100000 400.000000 100.000000 
70.200000 400.000000 100.000000 
70.300000 400.000000 100.000000 
70.400000 400.000000 100.000000 
70.500000 400.000000 100.000000 
70.600000 400.000000 100.000000 
70.700000 400.000000 100.000000 
70.800000 400.000000 100.000000 
70.900000 400.000000 100.000000 
71.000000 400.000000 100.000000 
71.100000 400.000000 100.000000 
71.200000 400.000000 100.000000 
71.300000 400.000000 100.000000 
71.400000 400.000000 100.000000 
71.500000 400.000000 100.000000 
71.600000 400.000000 100.000000 
71.700000 400.000000 100.000000 
71.800000 400.000000 100.000000 
71.900000 400.000000 100.000000 
72.000000 400.000000 100.000000 
72.100000 400.000000 100.000000 
72.200000 400.000000 100.000000 
72.300000 400.000000 100.000000 
72.400000 400.000000 100.000000 
72.500000 400.000000 100.000000 
72.600000 400.000000 100.000000 
72.700000 400.000000 100.000000 
72.800000 400.000000 100.000000 
72.900000 400.000000 100.000000 
73.000000 400.000000 100.000000 
73.100000 400.000000 100.000000 
73.200000 400.000000 100.000000 
73.300000 400.000000 100.000000 
73.400000 400.000000 100.000000 
73.500000 400.000000 100.000000 
73.600000 400.000000 100.000000 
73.700000 400.000000 100.000000 
73.800000 400.000000 100.000000 
73.900000 400.000000 100.000000 
74.000000 400.000000 100.000000 
74.100000 400.000000 100.000000 
74.200000 400.000000 100.000000 
74.300000 400.000000 100.000000 
74.400000 400.000000 100.000000 
74.500000 400.000000 100.000000 
74.600000 400.000000 100.000000 
74.700000 400.000000 100.000000 
74.800000 400.000000 100.000000 
74.900000 400.000000 100.000000 
75.000000 400.000000 100.000000 
75.100000 400.000000 100.000000 
75.200000 400.000000 100.000000 
75.300000 400.000000 100.000000 
75.400000 400.000000 100.000000 
75.500000 400.000000 100.000000 
75.600000 400.000000 100.000000 
75.700000 400.000000 100.000000 
75.800000 400.000000 100.000000 
75.900000 400.000000 100.000000 
76.000000 400.000000 100.000000 
76.100000 400.000000 100.000000 
76.200000 400.000000 100.000000 
76.300000 400.000000 100.000000 
76.400000 400.000000 100.000000 
76.500000 400.000000 100.000000 
76.600000 400.000000 100.000000 
76.700000 400.000000 100.000000 
76.800000 400.000000 100.000000 
76.900000 400.000000 100.000000 
77.000000 400.000000 100.000000 
77.100000 400.000000 100.000000 
77.200000 400.000000 100.000000 
77.300000 400.000000 100.000000 
77.400000 400.000000 100.000000 
77.500000 400.000000 100.000000 
77.600000 400.000000 100.000000 
77.700000 400.000000 100.000000 
77.800000 400.000000 100.000000 
77.900000 400.000000 100.000000 
78.000000 400.000000 100.000000 
78.100000 400.000000 100.000000 
78.200000 400.000000 100.000000 
78.300000 400.000000 100.000000 
78.400000 400.000000 100.000000 
78.500000 400.000000 100.000000 
78.600000 400.000000 100.000000 
78.700000 400.000000 100.000000 
78.800000 400.000000 100.000000 
78.900000 400.000000 100.000000 
79.000000 400.000000 100.000000 
79.100000 400.000000 100.000000 
79.200000 400.000000 100.000000 
79.300000 400.000000 100.000000 
79.400000 400.000000 100.000000 
79.500000 400.000000 100.000000 
79.600000 400.000000 100.000000 
79.700000 400.000000 100.000000 
79.800000 400.000000 100.000000 
79.900000 400.000000 100.000000 
80.000000 400.000000 100.000000 
80.100000 400.000000 100.000000 
80.200000 400.000000 100.000000 
80.300000 400.000000 100.000000 
80.400000 400.000000 100.000000 
80.500000 400.000000 100.000000 
80.600000 400.000000 100.000000 
80.700000 400.000000 100.000000 
80.800000 400.000000 100.000000 
80.900000 400.000000 100.000000 
81.000000 400.000000 100.000000 
81.100000 400.000000 100.000000 
81.200000 400.000000 100.000000 
81.300000 400.000000 100.000000 
81.400000 400.000000 100.000000 
81.500000 400.000000 100.000000 
81.600000 400.000000 100.000000 
81.700000 400.000000 100.000000 
81.800000 400.000000 100.000000 
81.900000 400.000000 100.000000 
82.000000 400.000000 100.000000 
82.100000 400.000000 100.000000 
82.200000 400.000000 100.000000 
82.300000 400.000000 100.000000 
82.400000 400.000000 100.000000 
82.500000 400.000000 100.000000 
82.600000 400.000000 100.000000 
82.700000 400.000000 100.000000 
82.800000 400.000000 100.000000 
82.900000 400.000000 100.000000 
83.000000 400.000000 100.000000 
83.100000 400.000000 100.000000 
83.200000 400.000000 100.000000 
83.300000 400.000000 100.000000 
83.400000 400.000000 100.000000 
83.500000 400.000000 100.000000 
83.600000 400.000000 100.000000 
83.700000 400.000000 100.000000 
83.800000 400.000000 100.000000 
83.900000 400.000000 100.000000 
84.000000 400.000000 100.000000 
84.100000 400.000000 100.000000 
84.200000 400.000000 100.000000 
84.300000 400.000000 100.000000 
84.400000 400.000000 100.000000 
84.500000 400.000000 100.000000 
84.600000 400.000000 100.000000 
84.700000 400.000000 100.000000 
84.800000 400.000000 100.000000 
84.900000 400.000000 100.000000 
85.000000 400.000000 100.000000 
85.100000 400.000000 100.000000 
85.200000 400.000000 100.000000 
85.300000 400.000000 100.000000 
85.400000 400.000000 100.000000 
85.500000 400.000000 100.000000 
85.600000 400.000000 100.000000 
85.700000 400.000000 100.000000 
85.800000 400.000000 100.000000 
85.900000 400.000000 100.000000 
86.000000 400.000000 100.000000 
86.100000 400.000000 100.000000 
86.200000 400.000000 100.000000 
86.300000 400.000000 100.000000 
86.400000 400.000000 100.000000 
86.500000 400.000000 100.000000 
86.600000 400.000000 100.000000 
86.700000 400.000000 100.000000 
86.800000 400.000000 100.000000 
86.900000 400.000000 100.000000 
87.000000 400.000000 100.000000 
87.100000 400.000000 100.000000 
87.200000 400.000000 100.000000 
87.300000 400.000000 100.000000 
87.400000 400.000000 100.000000 
87.500000 400.000000 100.000000 
87.600000 400.000000 100.000000 
87.700000 400.000000 100.000000 
87.800000 400.000000 100.000000 
87.900000 400.000000 100.000000 
88.000000 400.000000 100.000000 
88.100000 400.000000 100.000000 
88.200000 400.000000 100.000000 
88.300000 400.000000 100.000000 
88.400000 400.000000 100.000000 
88.500000 400.000000 100.000000 
88.600000 400.000000 100.000000 
88.700000 400.000000 100.000000 
88.800000 400.000000 100.000000 
88.900000 400.000000 100.000000 
89.000000 400.000000 100.000000 
89.100000 400.000000 100.000000 
89.200000 400.000000 100.000000 
89.300000 400.000000 100.000000 
89.400000 400.000000 100.000000 
89.500000 400.000000 100.000000 
89.600000 400.000000 100.000000 
89.700000 400.000000 100.000000 
89.800000 400.000000 100.000000 
89.900000 400.000000 100.000000 
90.000000 400.000000 100.000000 
90.100000 400.000000 100.000000 
90.200000 400.000000 100.000000 
90.300000 400.000000 100.000000 
90.400000 400.000000 100.000000 
90.500000 400.000000 100.000000 
90.600000 400.000000 100.000000 
90.700000 400.000000 100.000000 
90.800000 400.000000 100.000000 
90.900000 400.000000 100.000000 
91.000000 400.000000 100.000000 
91.100000 400.000000 100.000000 
91.200000 400.000000 100.000000 
91.300000 400.000000 100.000000 
91.400000 400.000000 100.000000 
91.500000 400.000000 100.000000 
91.600000 400.000000 100.000000 
91.700000 400.000000 100.000000 
91.800000 400.000000 100.000000 
91.900000 400.000000 100.000000 
92.000000 400.000000 100.000000 
92.100000 400.000000 100.000000 
92.200000 400.000000 100.000000 
92.300000 400.000000 100.000000 
92.400000 400.000000 100.000000 
92.500000 400.000000 100.000000 
92.600000 400.000000 100.000000 
92.700000 400.000000 100.000000 
92.800000 400.000000 100.000000 
92.900000 400.000000 100.000000 
93.000000 400.000000 100.000000 
93.100000 400.000000 100.000000 
93.200000 400.000000 100.000000 
93.300000 400.000000 100.000000 
93.400000 400.000000 100.000000 
93.500000 400.000000 100.000000 
93.600000 400.000000 100.000000 
93.700000 400.000000 100.000000 
93.800000 400.000000 100.000000 
93.900000 400.000000 100.000000 
94.000000 400.000000 100.000000 
94.100000 400.000000 100.000000 
94.200000 400.000000 100.000000 
94.300000 400.000000 100.000000 
94.400000 400.000000 100.000000 
94.500000 400.000000 100.000000 
94.600000 400.000000 100.000000 
94.700000 400.000000 100.000000 
94.800000 400.000000 100.000000 
94.900000 400.000000 100.000000 
95.000000 400.000000 100.000000 
95.100000 400.000000 100.000000 
95.200000 400.000000 100.000000 
95.300000 400.000000 100.000000 
95.400000 400.000000 100.000000 
95.500000 400.000000 100.000000 
95.600000 400.000000 100.000000 
95.700000 400.000000 100.000000 
95.800000 400.000000 100.000000 
95.900000 400.000000 100.000000 
96.000000 400.000000 100.000000 
96.100000 400.000000 100.000000 
96.200000 400.000000 100.000000 
96.300000 400.000000 100.000000 
96.400000 400.000000 100.000000 
96.500000 400.000000 100.000000 
96.600000 400.000000 100.000000 
96.700000 400.000000 100.000000 
96.800000 400.000000 100.000000 
96.900000 400.000000 100.000000 
97.000000 400.000000 100.000000 
97.100000 400.000000 100.000000 
97.200000 400.000000 100.000000 
97.300000 400.000000 100.000000 
97.400000 400.000000 100.000000 
97.500000 400.000000 100.000000 
97.600000 400.000000 100.000000 
97.700000 400.000000 100.000000 
97.800000 400.000000 100.000000 
97.900000 400.000000 100.000000 
98.000000 400.000000 100.000000 
98.100000 400.000000 100.000000 
98.200000 400.000000 100.000000 
98.300000 400.000000 100.000000 
98.400000 400.000000 100.000000 
98.500000 400.000000 100.000000 
98.600000 400.000000 100.000000 
98.700000 400.000000 100.000000 
98.800000 400.000000 100.000000 
98.900000 400.000000 100.000000 
99.000000 400.000000 100.000000 
99.100000 400.000000 100.000000 
99.200000 400.000000 100.000000 
99.300000 400.000000 100.000000 
99.400000 400.000000 100.000000 
99.500000 400.000000 100.000000 
99.600000 400.000000 100.000000 
99.700000 400.000000 100.000000 
99.800000 400.000000 100.000000 
99.900000 400.000000 100.000000 
100.000000 400.000000 100.000000 
